31 2c 44 41 47 47 45 52
32 2c 4d 41 43 45
33 2c 53 4c 49 4e 47
34 2c 42 4f 57
35 2c 2b 32 20 42 4f 57
36 2c 2b 34 20 42 4f 57
37 2c 45 58 4f 54 49 43 20 57 45 41 50 4f 4e
38 2c 41 58 45
39 2c 53 57 4f 52 44
31 30 2c 32 48 20 53 57 4f 52 44
31 31 2c 2b 32 20 41 58 45
31 32 2c 2b 32 20 53 57 4f 52 44
31 33 2c 47 4c 4f 56 45 53
31 34 2c 2b 34 20 41 58 45
31 35 2c 2b 34 20 53 57 4f 52 44
31 36 2c 43 4c 4f 54 48
31 37 2c 4c 45 41 54 48 45 52
31 38 2c 43 48 41 49 4e
31 39 2c 50 4c 41 54 45
32 30 2c 2b 32 20 43 48 41 49 4e
32 31 2c 2b 32 20 50 4c 41 54 45
32 32 2c 45 58 4f 54 49 43
32 33 2c 54 4f 52 43 48 45 53
32 34 2c 4b 45 59 53
32 35 2c 47 45 4d 53
32 36 2c 50 4f 57 44 45 52
32 37 2c 48 4f 52 53 45
32 38 2c 46 4f 4f 44
32 39 2c 4d 41 52 4b 20 4f 46 20 53 4e 41 4b 45
33 30 2c 4d 41 52 4b 20 4f 46 20 46 4f 52 43 45
33 31 2c 4d 41 52 4b 20 4f 46 20 46 49 52 45
33 32 2c 4d 41 52 4b 20 4f 46 20 4b 49 4e 47 53
33 33 2c 4c 4f 52 44 20 4f 46 20 54 49 4d 45
33 34 2c 44 45 41 54 48 20 43 41 52 44
33 35 2c 53 4f 4c 20 43 41 52 44
33 36 2c 4c 4f 56 45 20 43 41 52 44
33 37 2c 4d 4f 4f 4e 53 20 43 41 52 44
