X0262342E,15,26,27
G7837773U,22,19,16
Y7074955M,23,34,23
G5133694X,11,21,36
X3109057S,23,27,17
D2908365A,15,25,24
X9126444H,11,15,49
C5401821L,16,31,36
Y2003792L,19,30,27
Y5988615B,17,31,23
P9315263J,15,29,34
M3095333R,19,31,19
U7117841U,21,15,16
B8685864H,24,16,40
E3506875K,10,18,40
A8365701Z,15,35,39
C2661694V,25,19,30
G4202079B,23,28,32
Q4096735F,18,27,28
Y2839496N,23,24,20
B3438322D,12,15,32
Q3800405A,14,30,24
M6790866L,16,26,44
C6764126U,17,20,24
F2703093I,19,21,29
B4795795S,19,29,19
X2585086P,10,16,28
Q0484637S,23,23,46
W2901496K,21,17,32
R4553807V,23,23,29
X9632263C,23,31,21
J3294875U,18,32,44
A8625561E,11,23,22
H7132114W,17,23,36
F1488173F,22,32,40
R8280770W,21,32,29
I6907036S,13,22,35
H0758096E,11,19,21
K2741535L,22,32,22
B5131576W,16,17,21
Z6826768P,16,24,15
D3385309H,16,18,21
C6753710M,15,15,39
Y5577840Q,20,20,34
T8169989J,10,29,36
O7504461P,15,33,16
M2541169S,16,16,37
M2710748B,16,26,35
F2644451P,23,30,35
X1416542I,25,26,25
J3780322R,15,21,41
Q9184413E,14,21,22
Z8979224H,13,25,24
U7450983T,19,26,50
S9908126W,14,29,49
K7185705X,22,24,28
V9946105B,24,16,24
M5332864Y,12,21,18
N3484383Z,20,27,26
H2011151K,19,24,17
X0014126F,15,30,24
A5596655I,21,30,44
E8732156M,12,34,15
F7853089T,21,25,44
Y5045382D,13,19,31
R9820752W,11,35,44
Z7853632D,18,20,37
C0903111O,15,20,36
I0373708H,15,18,18
I4930796H,14,20,19
D7005433L,14,18,20
N4996594I,23,28,30
T1216147I,20,34,24
J9572560J,19,20,17
G3570678W,25,25,22
J9920159U,12,22,18
D7127141D,16,20,46
G3540294U,23,25,24
F8467142A,22,33,19
H3811592Z,16,26,43
K1721264U,21,28,29
E2078929Y,23,20,33
K2164787J,15,30,35
W3941156D,13,20,26
A7271843K,20,34,47
R7135466W,25,25,43
H6539882W,12,15,39
Z1314056P,11,22,28
R6353791M,25,31,46
E5937199C,14,19,22
M0929467C,20,27,36
D2710501N,16,22,17
W8165969T,13,21,37
T1798110P,24,20,46
J7012153A,19,32,49
Q6799475I,14,16,26
J2192627R,14,20,18
F1797134F,12,32,46
K5920763V,12,20,44
A8624619M,21,31,33
O3136214L,11,24,22
R4749668J,11,19,18
A7834932L,18,26,18
G9243291S,15,35,46
V5249128U,22,20,26
T1791176T,18,23,33
S6573007U,15,20,30
L1672834H,10,22,23
D6944041O,18,34,29
C4995156I,19,32,17
H6759521Z,21,30,34
I0370261W,25,27,21
F0179214E,13,18,42
G4457741Y,17,18,17
A6184669A,17,15,40
A6374832W,18,17,41
V6539276J,19,17,36
U9458693D,16,15,18
E0847732N,18,15,15
D1517664M,22,35,31
B6949093J,14,28,31
A5193796B,15,20,17
M3836588B,19,18,22
Z1457312P,22,33,25
Z3902503G,21,16,33
P5497790S,14,21,25
S1276460A,12,33,24
O9342283A,15,16,22
H2038946H,10,20,25
O8110152H,24,16,40
T6284094Z,24,22,48
O9997106S,13,24,42
N8371481N,21,25,19
E9779175Y,14,30,42
Q7877620G,15,34,23
P2735545M,21,27,18
R9218765Q,15,32,47
E6227953V,10,15,25
O8871036A,24,26,34
J7673468T,13,17,50
M3229482D,12,27,45
R6395713R,14,22,21
V6013915N,20,23,49
Z5749630A,12,21,37
O4850087Y,10,35,39
X2360455E,17,27,17
Z2257089O,20,35,21
X2908900Z,23,24,29
H9514533H,16,27,17
H4139521K,23,16,50
P3718002E,10,16,30
M6461294K,24,15,22
L8878437W,12,15,28
Q2035784Z,12,22,36
R9546555D,15,27,41
O8110294C,15,23,16
F4503057W,18,23,32
A1234567Z,25,35,50
H7935279J,25,24,32
X8642754D,17,16,30
W9976582J,22,22,24
H2613794H,22,27,50
G4727355J,22,32,42
F9988049G,11,25,21
L7162586Z,24,30,35
P6555575Y,25,15,20
D1753836U,17,35,23
B1137247H,22,29,24
Q6175348P,17,32,31
S1207434H,23,27,17
O8169633K,20,20,24
G4741581X,20,21,41
I6609006W,15,29,28
L5043230H,15,23,49
A3586243Y,15,16,22
G4003852L,17,26,15
Y3778826I,15,32,29
X8846571P,17,30,27
G1195821Z,13,16,18
R0968388Q,23,29,18
U5276108O,14,20,34
U8962791G,24,17,30
K6549965G,10,17,15
F5681225N,12,35,31
F2485744E,18,26,23
U4037932H,18,35,26
H4030184P,23,35,15
Q1571786D,16,30,26
Q3981828F,10,24,45
T3386714K,13,15,45
H0245383T,23,25,37
O7545978O,19,24,34
I4547588O,11,31,41
M7998759X,17,24,16
L2779009C,12,25,34
A4756124D,24,19,16
K7003384P,16,28,28
R9974497U,18,18,25
F8535261Q,18,22,26
